precision_at_k = 0.00067313714
auc_score = 0.5222317