precision_at_k = 0.0021498643
auc_score = 0.86562103